0 0.7291983967935872 0.16751046025104602 0.0627154308617236 0.07038702928870295
0 0.7659619238476955 0.3134518828451883 0.06236472945891784 0.07105648535564849
0 0.6961523046092184 0.33436192468619247 0.055641282565130235 0.06275104602510462
0 0.5690080160320641 0.30760460251046023 0.051563126252505045 0.05459205020920496
0 0.528627254509018 0.1933682008368201 0.05001002004008024 0.0552510460251046
0 0.5409919839679359 0.052322175732217584 0.05729458917835655 0.06438284518828453
0 0.5886472945891784 0.385407949790795 0.04887775551102202 0.05265690376569041
0 0.4401302605210421 0.33243723849372386 0.037224448897795685 0.04073221757322169
0 0.7480561122244488 0.7075627615062761 0.059308617234468994 0.06680962343096222
0 0.7072945891783567 0.8373012552301256 0.05393787575150316 0.063713389121339
0 0.49874749498997994 0.8329811715481172 0.057184368737474886 0.05508368200836829
0 0.3258817635270541 0.786673640167364 0.050781563126252566 0.05555439330543922
0 0.23200400801603202 0.6343096234309623 0.048757515030060206 0.053974895397489446
0 0.4405911823647295 0.7998012552301256 0.040871743486973915 0.04360878661087872
0 0.6426252505010019 0.6934623430962343 0.04838677354709415 0.06725941422594138
0 0.5882464929859719 0.6662343096234309 0.04738476953907812 0.04621338912133898
0 0.5729158316633266 0.597060669456067 0.03917835671342676 0.04870292887029283
0 0.5294589178356713 0.5376778242677824 0.034629258517034016 0.03972803347280337
0 0.515250501002004 0.48203974895397494 0.03561122244488974 0.04303347280334727
0 0.4343687374749499 0.0397489539748954 0.05711422845691383 0.0794979079497908
0 0.3962525050100201 0.17755230125523014 0.04977955911823654 0.053556485355648525
0 0.3976052104208416 0.23041841004184097 0.05684368737474952 0.05053347280334728
0 0.3618937875751503 0.31738493723849376 0.0392785571142285 0.042060669456066985
0 0.31198396793587174 0.32266736401673646 0.045751503006012106 0.061673640167364055
0 0.3138877755511022 0.3840376569037657 0.035440881763526944 0.037144351464435135
0 0.249749498997996 0.3982217573221758 0.037825651302605214 0.04283472803347285
0 0.1723847695390781 0.4228870292887029 0.051462925851703305 0.05705020920502088
0 0.4512424849699399 0.37197698744769875 0.038567134268537084 0.04020920502092056
0 0.4554509018036072 0.43025104602510467 0.032304609218436885 0.033263598326359785
0 0.4718537074148296 0.49244769874476985 0.024458917835671425 0.03303347280334732
0 0.44845691382765523 0.49325313807531374 0.027505010020040126 0.033336820083682016
0 0.3108416833667335 0.5876464435146443 0.03285571142284566 0.03309623430962354
0 0.37146292585170343 0.5614853556485355 0.030981963927855783 0.03288702928870298
0 0.40779559118236475 0.5988912133891213 0.027775551102204435 0.028399581589958253
0 0.4681462925851704 0.5699058577405858 0.02753507014028058 0.029330543933054357
0 0.491503006012024 0.5496443514644351 0.026412825651302506 0.02959205020920498
0 0.4657515030060121 0.6342991631799163 0.038837675350701394 0.06067991631799162
0 0.30066132264529055 0.6868933054393305 0.04452905811623252 0.06052301255230115
0 0.194248496993988 0.5562238493723849 0.04354709418837679 0.043901673640167393
0 0.38909819639278564 0.7594979079497909 0.06518036072144284 0.05957112970711302
0 0.3515430861723447 0.6942573221757322 0.03391783567134259 0.03671548117154802
0 0.26893787575150296 0.5119665271966528 0.026573146292585153 0.029006276150627633
0 0.33004008016032066 0.48800209205020917 0.022675350701402915 0.025261506276150605
0 0.3107114228456914 0.5262029288702929 0.03201402805611227 0.04277196652719676
0 0.38801603206412827 0.5008995815899582 0.03684368737474948 0.03747907949790799
0 0.2941182364729459 0.43067991631799163 0.04566132264529052 0.0533891213389121
0 0.2351402805611222 0.4572175732217573 0.04425851703406821 0.04528242677824264
0 0.2952705410821643 0.05598326359832637 0.09090180360721446 0.06883891213389122
0 0.8034368737474951 0.5672071129707112 0.06470941883767528 0.08328451882845177