0 0.2551311475409836 0.26638698630136987 0.05130327868852461 0.057611301369862984
0 0.22505737704918033 0.38583904109589046 0.05101639344262296 0.058159246575342424
0 0.2821639344262295 0.4029537671232877 0.04551639344262293 0.05136130136986302
0 0.38617213114754095 0.3810530821917808 0.04218032786885249 0.04468321917808214
0 0.41920491803278687 0.2875513698630137 0.040909836065573836 0.04522260273972607
0 0.4090901639344262 0.17210616438356166 0.046868852459016355 0.05269691780821919
0 0.3701065573770492 0.4447345890410959 0.039983606557377024 0.04309931506849308
0 0.4915983606557377 0.40137842465753426 0.030450819672131223 0.03333904109589036
0 0.23970491803278687 0.7084160958904109 0.0485163934426229 0.054683219178082096
0 0.27304918032786885 0.8146061643835617 0.044122950819672165 0.0521489726027398
0 0.44364754098360654 0.8110702054794521 0.04677868852459011 0.045085616438356235
0 0.5850573770491803 0.7731678082191781 0.041540983606557426 0.045470890410958816
0 0.6618524590163934 0.6484589041095891 0.03988524590163941 0.044178082191780745
0 0.4912213114754098 0.7839126712328768 0.033434426229508166 0.03569349315068498
0 0.3259508196721312 0.696875 0.03958196721311472 0.055051369863013656
0 0.37043442622950823 0.6745890410958904 0.038762295081967185 0.03782534246575348
0 0.3829754098360656 0.6179708904109589 0.032049180327868874 0.03986301369863009
0 0.41852459016393445 0.5693664383561644 0.02832786885245897 0.03251712328767125
0 0.4301475409836065 0.5238270547945206 0.029131147540983577 0.03522260273972611
0 0.49686885245901635 0.15169520547945206 0.046950819672131126 0.08641267123287671
0 0.5274918032786885 0.27460616438356167 0.04072131147540989 0.043835616438356206
0 0.5263852459016394 0.3178767123287671 0.046500000000000014 0.04136130136986297
0 0.5555983606557378 0.3890582191780822 0.032131147540983646 0.03442636986301373
0 0.5964262295081967 0.39338184931506853 0.03742622950819679 0.05047945205479455
0 0.5948688524590164 0.4436130136986301 0.028991803278688433 0.030402397260273963
0 0.6473360655737705 0.4552226027397261 0.030942622950819672 0.03505993150684936
0 0.7106229508196722 0.47541095890410956 0.042098360655737625 0.04669520547945202
0 0.48250819672131146 0.4337414383561644 0.03154918032786886 0.03291095890410964
0 0.47906557377049186 0.48143835616438363 0.02642622950819673 0.027226027397260235
0 0.46564754098360656 0.5323458904109589 0.020008196721311544 0.02703767123287665
0 0.4847868852459017 0.5330051369863014 0.022500000000000037 0.027285958904109495
0 0.5973606557377049 0.6102654109589041 0.02687704918032784 0.027089041095890498
0 0.5477704918032786 0.5888527397260274 0.025344262295082028 0.02691780821917813
0 0.5180491803278688 0.6194691780821917 0.02272131147540986 0.023244863013698706
0 0.46868032786885244 0.5957448630136987 0.02252459016393444 0.02400684931506846
0 0.4495737704918033 0.5791609589041096 0.0216065573770491 0.024220890410958873
0 0.47063934426229503 0.6484503424657534 0.03177049180327868 0.049666095890410954
0 0.605688524590164 0.6914982876712329 0.03642622950819677 0.049537671232876626
0 0.6927377049180328 0.5845462328767124 0.035622950819672164 0.03593321917808222
0 0.5333442622950819 0.7509246575342466 0.0533196721311475 0.04875856164383566
0 0.5640655737704918 0.6975256849315069 0.02774590163934419 0.03005136986301362
0 0.6316393442622951 0.5483219178082193 0.02173770491803277 0.0237414383561644
0 0.5816557377049181 0.5287071917808219 0.018549180327868942 0.020676369863013775
0 0.597467213114754 0.5599743150684932 0.02618852459016397 0.0350085616438357
0 0.5342295081967213 0.539263698630137 0.030139344262295066 0.030676369863013635
0 0.6110409836065575 0.48178938356164386 0.03735245901639339 0.04369863013698627
0 0.6592868852459016 0.5035102739726027 0.03620491803278694 0.03706335616438353
0 0.6100983606557377 0.1751027397260274 0.07436065573770494 0.05634417808219178
0 0.19440163934426227 0.5935359589041096 0.05293442622950818 0.06816780821917799