0 0.245515625 0.2749918433931484 0.0488984375 0.05488580750407831
0 0.21685156249999998 0.38879282218597067 0.048625 0.05540783034257749
0 0.27128125000000003 0.4050978792822186 0.0433828125 0.048931484502446984
0 0.3704140625 0.3842332789559543 0.040203125 0.042569331158238174
0 0.4018984375 0.29515497553017944 0.0389921875 0.04308319738988581
0 0.39225781249999997 0.18517128874388256 0.044671875 0.05020391517128874
0 0.35510156249999997 0.44490212071778146 0.038109375 0.04106035889070147
0 0.4708984375 0.40359706362153347 0.0290234375 0.031761827079934746
0 0.2308125 0.6961092985318107 0.0462421875 0.05209624796084829
0 0.26259375 0.7972756933115824 0.0420546875 0.04968189233278956
0 0.4251953125 0.7939070146818924 0.0445859375 0.04295269168026101
0 0.5599765624999999 0.7577977161500815 0.03959375 0.04331973898858075
0 0.633171875 0.6389885807504078 0.038015625 0.042088091353996736
0 0.4705390625 0.7680342577487765 0.0318671875 0.03400489396411093
0 0.313015625 0.6851141924959218 0.0377265625 0.05244698205546493
0 0.3554140625 0.6638825448613377 0.0369453125 0.03603588907014682
0 0.3673671875 0.6099429037520391 0.030546875 0.03797716150081566
0 0.40125 0.5636378466557912 0.027000000000000003 0.030978792822185967
0 0.412328125 0.520252854812398 0.027765625 0.033556280587275694
0 0.47592187499999994 0.16572593800978794 0.04475 0.08232463295269168
0 0.505109375 0.28282218597063624 0.0388125 0.04176182707993475
0 0.5040546875 0.32404567699836867 0.0443203125 0.03940456769983687
0 0.5318984375 0.39185970636215334 0.030625000000000003 0.03279771615008157
0 0.5708125 0.395978792822186 0.035671875 0.048091353996737356
0 0.569328125 0.44383360522022836 0.0276328125 0.02896411092985318
0 0.6193359375 0.4548939641109299 0.0294921875 0.03340130505709625
0 0.6796562500000001 0.47412724306688414 0.040125 0.044486133768352365
0 0.462234375 0.4344290375203915 0.0300703125 0.03135399673735726
0 0.458953125 0.47986949429037523 0.0251875 0.025938009787928224
0 0.4461640625 0.5283686786296901 0.0190703125 0.025758564437194126
0 0.46440625 0.5289967373572594 0.0214453125 0.02599510603588907
0 0.571703125 0.6026019575856444 0.0256171875 0.025807504078303425
0 0.5244375 0.5822022838499185 0.02415625 0.02564437194127243
0 0.49610937499999996 0.6113703099510603 0.02165625 0.022145187601957585
0 0.4490546875 0.588768352365416 0.02146875 0.022871125611745514
0 0.43084375 0.5729690048939642 0.02059375 0.023075040783034257
0 0.45092187499999997 0.6389804241435563 0.03028125 0.04731647634584013
0 0.579640625 0.6799918433931484 0.03471875 0.04719412724306688
0 0.662609375 0.5780995106035889 0.033953125 0.03423327895595432
0 0.5106875 0.7366068515497554 0.0508203125 0.04645187601957586
0 0.53996875 0.6857340946166395 0.026445312500000002 0.028629690048939643
0 0.604375 0.543588907014682 0.02071875 0.022618270799347473
0 0.556734375 0.5249021207177814 0.0176796875 0.019698205546492657
0 0.5718046875 0.554690048939641 0.0249609375 0.03335236541598695
0 0.51153125 0.5349592169657422 0.028726562500000004 0.02922512234910277
0 0.5847421875000001 0.48020391517128874 0.0356015625 0.04163132137030995
0 0.6307265625 0.5008972267536705 0.0345078125 0.03530995106035889
0 0.58384375 0.18802610114192497 0.070875 0.05367862969004894
0 0.1876328125 0.5866639477977161 0.050453125 0.06494290375203915