0 0.6151875 0.8172421875 0.039531250000000004 0.031828125
0 0.52509375 0.8308984374999999 0.034645833333333334 0.029015625
0 0.45366666666666666 0.816421875 0.04238541666666666 0.0342421875
0 0.5717395833333333 0.7654687499999999 0.035270833333333335 0.026742187499999997
0 0.5982604166666667 0.7455546875 0.033468750000000005 0.025140625
0 0.5539583333333333 0.8553984375000001 0.042770833333333334 0.031101562500000002
0 0.34647916666666667 0.7978515625 0.04039583333333333 0.0330078125
0 0.39468749999999997 0.73546875 0.037947916666666665 0.029296875
0 0.4617395833333333 0.7094140624999999 0.02840625 0.021796875
0 0.475375 0.6727578125 0.027885416666666666 0.0226171875
0 0.5080312499999999 0.6664375 0.0275625 0.021562500000000002
0 0.5000625 0.6931484375 0.02396875 0.0193828125
0 0.5638124999999999 0.6740390625 0.025604166666666664 0.019375
0 0.5413125 0.6866328125 0.022302083333333333 0.020828125
0 0.51653125 0.7195546875 0.046864583333333334 0.028164062499999996
0 0.5629062499999999 0.7071328125 0.040010416666666666 0.02765625
0 0.6100833333333333 0.6615546875 0.027010416666666665 0.019898437499999998
0 0.6209166666666667 0.6452890625000001 0.0278125 0.0221171875
0 0.6567291666666667 0.6502578125 0.035354166666666666 0.028585937500000002
0 0.6866770833333333 0.6166406249999999 0.046593749999999996 0.041281250000000005
0 0.5734479166666666 0.6110703125 0.03472916666666667 0.02665625
0 0.5346562499999999 0.5801015625 0.03602083333333333 0.026703125
0 0.5011041666666667 0.58753125 0.03145833333333333 0.025921875
0 0.5221875 0.602046875 0.03216666666666666 0.0238203125
0 0.43396875 0.5985390625 0.03542708333333333 0.0253515625
0 0.4224479166666667 0.621484375 0.03394791666666667 0.024906249999999998
0 0.37307291666666664 0.6313125 0.035666666666666666 0.0277578125
0 0.335875 0.6214765625 0.03927083333333334 0.0306875
0 0.4226979166666667 0.699125 0.04685416666666666 0.0400078125
0 0.6250625 0.7002890625 0.05464583333333333 0.044664062500000004