0 0.29906619385342786 0.1768407079646018 0.012364066193853471 0.009938053097345148
0 0.3276713947990543 0.22012389380530975 0.015531914893617006 0.011008849557522172
0 0.4092316784869976 0.2529911504424779 0.01583924349881794 0.012115044247787659
0 0.461903073286052 0.23756637168141598 0.016122931442080362 0.01262831858407078
0 0.5770685579196217 0.3234955752212389 0.016087470449172594 0.013247787610619493
0 0.5757565011820331 0.2893097345132743 0.01496453900709216 0.011398230088495671
0 0.6268085106382978 0.3095221238938053 0.01575650118203301 0.011973451327433604
0 0.6310401891252955 0.3865221238938053 0.01672576832151311 0.013035398230088511
0 0.44453900709219857 0.3952654867256637 0.01741134751773052 0.01351327433628317
0 0.3927895981087471 0.37370796460176986 0.01671394799054372 0.012814159292035414
0 0.27708037825059106 0.3712831858407079 0.014905437352245879 0.012601769911504433
0 0.2890661938534279 0.36046017699115046 0.015153664302600465 0.011814159292035317
0 0.27940898345153664 0.3388230088495575 0.01281323877068555 0.009557522123893766
0 0.31325059101654845 0.40231858407079646 0.015200945626477558 0.011212389380531039
0 0.38976359338061467 0.4217699115044248 0.015153664302600532 0.011637168141593001
0 0.50725768321513 0.45823008849557517 0.015271867612293096 0.011743362831858391
0 0.5921867612293145 0.48682300884955754 0.01482269503546095 0.01129203539823008
0 0.6312884160756502 0.47757522123893803 0.01420803782505908 0.010699115044247715
0 0.6749054373522458 0.5151061946902655 0.014408983451536708 0.011460176991150482
0 0.7138179669030733 0.5326194690265487 0.010449172576832054 0.009026548672566411
0 0.7243144208037825 0.5179557522123893 0.011926713947990447 0.007451327433628383
0 0.6435106382978723 0.5359026548672566 0.013900709219858145 0.01032743362831865
0 0.5683806146572105 0.549 0.01522458628841607 0.011654867256637233
0 0.5113120567375887 0.5474336283185841 0.01362884160756498 0.010283185840707868
0 0.5262647754137116 0.5488938053097345 0.011973995271867608 0.010743362831858496
0 0.5450709219858156 0.5398672566371681 0.02464539007092201 0.01700884955752215
0 0.4273167848699764 0.5814690265486725 0.01898345153664296 0.013566371681415865
0 0.35841607565011824 0.5831238938053097 0.017742316784869965 0.011938053097345141
0 0.45490543735224587 0.5123805309734514 0.011879432624113421 0.01073451327433638
0 0.46060283687943265 0.5033362831858407 0.012742316784869943 0.010486725663716733
0 0.43434988179669026 0.4902654867256637 0.012789598108747104 0.011725663716814159
0 0.44787234042553187 0.48550442477876105 0.014184397163120567 0.011911504424778794
0 0.38686761229314426 0.47707964601769914 0.015378250591016537 0.010557522123893862
0 0.35268321513002365 0.4666283185840708 0.014539007092198528 0.010115044247787667
0 0.4513238770685579 0.45637168141592926 0.011465721040189178 0.009283185840707973
0 0.4602482269503546 0.451070796460177 0.011938534278959839 0.009327433628318551
0 0.17619385342789598 0.37276106194690267 0.014964539007092229 0.011345132743362775
0 0.10722222222222223 0.5348761061946903 0.015141843971631208 0.015911504424778778
0 0.1753309692671395 0.6265309734513275 0.015910165484633546 0.011955752212389372