0 0.642373271889401 0.1683333333333334 0.04372119815668208 0.03518134715025908
0 0.5427304147465437 0.15323834196891195 0.038317972350230406 0.032072538860103715
0 0.4637327188940092 0.16924006908462869 0.04687788018433186 0.03784974093264242
0 0.5943202764976958 0.22556131260794476 0.03900921658986164 0.029559585492227994
0 0.6236520737327189 0.24757340241796205 0.03701612903225819 0.027789291882556185
0 0.5746543778801843 0.12615716753022446 0.04730414746543773 0.03437823834196886
0 0.345184331797235 0.18976683937823835 0.044677419354838675 0.0364853195164076
0 0.3985023041474654 0.2587219343696028 0.04197004608294925 0.03238341968911917
0 0.47266129032258064 0.28752158894645946 0.03141705069124422 0.02409326424870474
0 0.48774193548387096 0.3280397236614853 0.030841013824884772 0.02500000000000004
0 0.5238594470046083 0.33502590673575133 0.030483870967741977 0.023834196891191633
0 0.5150460829493088 0.3055008635578584 0.02650921658986174 0.021424870466321196
0 0.585552995391705 0.32662348877374786 0.02831797235023033 0.02141623488773744
0 0.560668202764977 0.3127029360967185 0.024665898617511485 0.02302245250431786
0 0.5332603686635945 0.27631260794473234 0.05183179723502305 0.03113126079447319
0 0.5845506912442396 0.29004317789291884 0.04425115207373281 0.030569948186528577
0 0.6367281105990783 0.34042314335060453 0.029873271889400994 0.021994818652849763
0 0.6487096774193549 0.35840241796200345 0.030760368663594523 0.024447322970638986
0 0.6883179723502305 0.35291018998272883 0.03910138248847932 0.03159758203799647
0 0.7214400921658987 0.3900690846286702 0.05153225806451615 0.04563039723661478
0 0.5962096774193548 0.3962262521588947 0.038410138248847835 0.02946459412780647
0 0.5533064516129031 0.4304576856649396 0.039838709677419405 0.029516407599309208
0 0.5161981566820276 0.42224525043177896 0.03479262672811065 0.028652849740932698
0 0.5395161290322581 0.40620034542314337 0.03557603686635944 0.026329879101899836
0 0.44194700460829495 0.4100777202072539 0.03918202764976957 0.028022452504317827
0 0.42920506912442397 0.38471502590673573 0.03754608294930879 0.02753022452504327
0 0.37459677419354837 0.3738514680483592 0.03944700460829494 0.03068221070811742
0 0.33345622119815665 0.3847236614853195 0.04343317972350236 0.033920552677029335
0 0.4294815668202765 0.29889464594127807 0.051820276497695876 0.04422279792746117
0 0.653294930875576 0.29760794473229707 0.06043778801843322 0.04936960276338521