0 0.34896875 0.7845078125 0.010895833333333334 0.0087734375
0 0.3741770833333333 0.746296875 0.0136875 0.00971875
0 0.4460520833333333 0.71728125 0.013958333333333333 0.0106953125
0 0.49246874999999996 0.7308984374999999 0.014208333333333333 0.0111484375
0 0.5939583333333334 0.6550390625 0.014177083333333333 0.0116953125
0 0.5928020833333334 0.68521875 0.0131875 0.0100625
0 0.6377916666666666 0.667375 0.013885416666666667 0.0105703125
0 0.6415208333333333 0.5993984375 0.014739583333333334 0.0115078125
0 0.47716666666666663 0.5916796875 0.01534375 0.0119296875
0 0.4315625 0.6107109375 0.014729166666666666 0.0113125
0 0.32959375 0.6128515625000001 0.013135416666666667 0.011125
0 0.34015625 0.6224062499999999 0.013354166666666667 0.0104296875
0 0.3316458333333333 0.6415078125 0.011291666666666667 0.0084375
0 0.36146875 0.585453125 0.013395833333333333 0.0098984375
0 0.42889583333333337 0.56828125 0.013354166666666667 0.0102734375
0 0.5324375 0.53609375 0.013458333333333333 0.0103671875
0 0.60728125 0.5108515625 0.0130625 0.00996875
0 0.6417395833333334 0.519015625 0.012520833333333333 0.0094453125
0 0.6801770833333334 0.4858828125 0.012697916666666666 0.0101171875
0 0.71446875 0.470421875 0.009208333333333334 0.00796875
0 0.72371875 0.4833671875 0.010510416666666666 0.006578125
0 0.6525104166666666 0.46752343749999997 0.01225 0.0091171875
0 0.5863020833333333 0.4559609375 0.013416666666666667 0.0102890625
0 0.5360104166666667 0.45734375 0.012010416666666666 0.009078125
0 0.5491875 0.4560546875 0.010552083333333333 0.009484375
0 0.5657604166666667 0.4640234375 0.021718750000000002 0.015015625
0 0.46198958333333334 0.427296875 0.016729166666666666 0.0119765625
0 0.40127083333333335 0.42583593750000004 0.015635416666666666 0.0105390625
0 0.48630208333333336 0.4882890625 0.01046875 0.0094765625
0 0.49132291666666666 0.4962734375 0.011229166666666667 0.0092578125
0 0.4681875 0.5078125 0.011270833333333334 0.0103515625
0 0.48010416666666667 0.512015625 0.0125 0.010515625
0 0.42634375 0.519453125 0.013552083333333333 0.0093203125
0 0.39621875 0.5286796875 0.012812500000000001 0.0089296875
0 0.48314583333333333 0.537734375 0.010104166666666666 0.0081953125
0 0.49101041666666667 0.5424140625 0.010520833333333333 0.008234374999999999
0 0.2406875 0.6115468749999999 0.0131875 0.010015625
0 0.17990625000000002 0.4684296875 0.01334375 0.014046875
0 0.23992708333333335 0.387515625 0.014020833333333335 0.0105546875