0 0.37817102137767217 0.0676737967914439 0.04507125890736347 0.03631016042780729
0 0.48089073634204277 0.05209447415329772 0.039501187648456046 0.03310160427807475
0 0.5623277909738718 0.06860962566844922 0.048325415676959686 0.03906417112299459
0 0.42770783847981 0.12673796791443853 0.040213776722090276 0.030508021390374347
0 0.3974703087885985 0.1494563279857398 0.03815914489311177 0.02868092691622109
0 0.4479809976247031 0.024144385026737894 0.04876484560570065 0.03548128342245985
0 0.6845368171021378 0.08979500891265597 0.046057007125890705 0.037655971479500894
0 0.6295724465558195 0.1609625668449198 0.043266033254156844 0.03342245989304813
0 0.55312351543943 0.19068627450980397 0.03238717339667456 0.02486631016042789
0 0.5375771971496437 0.23250445632798575 0.03179334916864606 0.025802139037433197
0 0.5003444180522566 0.23971479500891268 0.03142517814726845 0.02459893048128334
0 0.5094299287410926 0.20924242424242423 0.027327790973871724 0.022112299465240595
0 0.43674584323040383 0.2310427807486631 0.029192399049881284 0.022103386809269123
0 0.4623990498812352 0.21667557932263815 0.025427553444180486 0.023761140819964423
0 0.49065320665083134 0.17911764705882355 0.05343230403800476 0.032130124777183564
0 0.4377790973871734 0.19328877005347594 0.04561757719714961 0.03155080213903751
0 0.3839904988123516 0.24528520499108739 0.03079572446555827 0.022700534759358314
0 0.3716389548693586 0.2638413547237076 0.031710213776722146 0.025231729055258417
0 0.33080760095011874 0.25817290552584665 0.04030878859857489 0.03261140819964342
0 0.29666270783847976 0.29652406417112304 0.05312351543942995 0.04709447415329761
0 0.4257600950118765 0.3028787878787879 0.03959619952494065 0.03040998217468796
0 0.46998812351543945 0.33820855614973266 0.04106888361045136 0.03046345811051699
0 0.5082422802850356 0.32973262032085565 0.03586698337292167 0.029572192513369042
0 0.4842042755344418 0.3131729055258467 0.036674584323040375 0.027174688057041006
0 0.5847862232779097 0.317174688057041 0.040391923990498804 0.02892156862745102
0 0.5979216152019002 0.2909982174688057 0.0387054631828979 0.028413547237076744
0 0.6542161520190024 0.27978609625668444 0.04066508313539193 0.03166666666666664
0 0.696627078384798 0.2910071301247772 0.04477434679334922 0.035008912655971454
0 0.5976365795724466 0.20242424242424242 0.0534204275534442 0.045641711229946556
0 0.36691211401425183 0.20109625668449196 0.062304038004750636 0.05095365418894837