0 0.6421566265060241 0.8710920577617328 0.01260240963855426 0.010135379061371857
0 0.613 0.8269494584837545 0.015831325301204804 0.011227436823104743
0 0.529867469879518 0.7934296028880866 0.016144578313252986 0.012355595667870086
0 0.47618072289156627 0.8091606498194945 0.01643373493975902 0.012879061371841138
0 0.3587951807228915 0.7215252707581228 0.01639759036144566 0.013510830324909772
0 0.3601325301204819 0.756389891696751 0.01525301204819287 0.011624548736462192
0 0.3080963855421687 0.7357761732851985 0.016060240963855336 0.012211191335740048
0 0.30378313253012046 0.6572472924187726 0.017048192771084447 0.013294223826714817
0 0.4938795180722892 0.6483303249097473 0.01774698795180725 0.013781588447653413
0 0.5466265060240963 0.6703158844765343 0.017036144578313237 0.013068592057761749
0 0.6645662650602409 0.6727888086642599 0.015192771084337503 0.012851985559566795
0 0.6523493975903615 0.683826714801444 0.015445783132530318 0.01204873646209378
0 0.6621927710843374 0.7058935018050542 0.013060240963855323 0.009747292418772521
0 0.6276987951807229 0.6411371841155235 0.015493975903614612 0.011435018050541581
0 0.549710843373494 0.6212996389891696 0.01544578313253018 0.01186823104693149
0 0.4299518072289157 0.5841155234657041 0.015566265060240914 0.011976534296028865
0 0.3433855421686747 0.5549548736462093 0.015108433734939716 0.011516245487364614
0 0.3035301204819276 0.5643862815884477 0.014481927710843352 0.010911552346570322
0 0.2590722891566265 0.526110108303249 0.014686746987951874 0.011687725631768994
0 0.21940963855421688 0.5082490974729241 0.010650602409638455 0.00920577617328524
0 0.208710843373494 0.5232039711191336 0.012156626506023997 0.007599277978339416
0 0.29107228915662653 0.5049007220216606 0.01416867469879517 0.010532490974729308
0 0.36765060240963854 0.49154332129963896 0.015518072289156758 0.01188628158844772
0 0.42581927710843365 0.4931407942238267 0.013891566265060207 0.01048736462093853
0 0.41057831325301203 0.49165162454873645 0.012204819277108429 0.010956678700361102
0 0.3914096385542169 0.5008574007220217 0.025120481927710735 0.01734657039711194
0 0.5114337349397591 0.4584296028880867 0.01934939759036138 0.013835740072202101
0 0.5816626506024096 0.4567418772563177 0.01808433734939758 0.012175090252707589
0 0.48331325301204814 0.5288898916967509 0.012108433734939705 0.010947653429602987
0 0.47750602409638554 0.5381137184115523 0.012987951807228882 0.010694945848375369
0 0.5042650602409638 0.5514440433212996 0.013036144578313313 0.011958483754512635
0 0.4904819277108434 0.5562996389891697 0.014457831325301205 0.012148014440433246
0 0.5526626506024096 0.5648916967509026 0.01567469879518071 0.010767148014440491
0 0.5875060240963855 0.5755505415162455 0.014819277108433681 0.010315884476534353
0 0.48696385542168674 0.5860108303249097 0.011686746987951862 0.009467509025270767
0 0.47786746987951806 0.5914169675090253 0.012168674698795208 0.00951263537906134
0 0.7673975903614458 0.6712815884476534 0.01525301204819287 0.0115703971119133
0 0.8376987951807229 0.5059476534296029 0.01543373493975897 0.01622743682310471
0 0.7682771084337349 0.41247292418772563 0.016216867469879562 0.012193140794223819