0 0.7485818181818182 0.34360436893203883 0.0508000000000001 0.07553398058252428
0 0.5989181818181818 0.32523058252427184 0.06302727272727267 0.05457524271844664
0 0.7202272727272727 0.3875970873786408 0.033645454545454534 0.047669902912621326
0 0.660390909090909 0.3496359223300971 0.06956363636363634 0.07478155339805811
0 0.6833636363636364 0.41366504854368935 0.05655454545454549 0.047257281553398124
0 0.7930181818181818 0.5189077669902913 0.033081818181818275 0.04838592233009709
0 0.7103818181818181 0.5103640776699029 0.023218181818181784 0.035400485436893156
0 0.7533 0.48769417475728155 0.029645454545454454 0.04106796116504858
0 0.6021272727272727 0.4761043689320388 0.032072727272727246 0.03194174757281559
0 0.6291727272727273 0.5050364077669902 0.03192727272727263 0.034029126213592185
0 0.5217727272727273 0.4383859223300971 0.038709090909090846 0.048288834951456264
0 0.5321181818181818 0.3817961165048544 0.05129090909090916 0.0604733009708737
0 0.8392636363636364 0.3667111650485436 0.0675272727272727 0.08466019417475727
0 0.8298090909090908 0.5070631067961165 0.03245454545454549 0.05162621359223297
0 0.8141 0.4770388349514564 0.0566727272727272 0.05666262135922337
0 0.5808818181818182 0.6286893203883495 0.03262727272727282 0.041650485436893404
0 0.6279636363636364 0.6323786407766989 0.03042727272727275 0.041468446601941836
0 0.6568909090909091 0.6084587378640777 0.021618181818181793 0.030400485436893148
0 0.6455272727272727 0.5851941747572815 0.02591818181818181 0.03242718446601945
0 0.6340181818181818 0.5601699029126214 0.01800909090909086 0.022378640776699096
0 0.6057090909090909 0.6039563106796116 0.030309090909090834 0.03995145631067956
0 0.5489999999999999 0.6156432038834951 0.03550909090909086 0.04609223300970876
0 0.5702909090909092 0.5936893203883495 0.02674545454545461 0.03746359223300971
0 0.5087545454545455 0.5370873786407767 0.03878181818181826 0.06973300970873791
0 0.5106909090909091 0.48163834951456314 0.04535454545454554 0.05076456310679617
0 0.5376545454545454 0.4735194174757281 0.021399999999999968 0.03576456310679615
0 0.8828727272727273 0.48529126213592233 0.04340909090909091 0.062342233009708745
0 0.8779727272727272 0.5413956310679612 0.04226363636363637 0.047900485436893236
0 0.6867636363636365 0.6124393203883495 0.03453636363636364 0.04046116504854359