0 0.6246015625 0.421375 0.0358203125 0.052270833333333336
0 0.692578125 0.45395833333333335 0.0483125 0.06256250000000001
0 0.5985078125000001 0.45046875 0.0235 0.03671875
0 0.57928125 0.5427708333333333 0.0171875 0.02584375
0 0.6135625 0.5333229166666666 0.020992187500000002 0.0306875
0 0.641875 0.5627708333333333 0.021859375 0.03902083333333333
0 0.5236484375 0.58878125 0.0168671875 0.021885416666666668
0 0.529953125 0.6071979166666667 0.014953125000000001 0.021104166666666667
0 0.49178125 0.5963125 0.0190703125 0.028604166666666667
0 0.47047656250000003 0.6096458333333333 0.022953124999999998 0.030833333333333334
0 0.45459375 0.41453124999999996 0.041109375 0.04589583333333334
0 0.5123203125 0.37913541666666667 0.04959375 0.041875
0 0.568171875 0.46488541666666666 0.0419609375 0.03778125
0 0.49471875 0.49809375 0.010687499999999999 0.019281250000000003
0 0.5062578125 0.49880208333333337 0.014468749999999999 0.019874999999999997
0 0.517296875 0.5244479166666667 0.0187421875 0.025
0 0.450984375 0.48522916666666666 0.017812500000000002 0.027364583333333335
0 0.5020156250000001 0.4723333333333333 0.0240390625 0.026302083333333334
0 0.5389765625 0.4610208333333333 0.015828125000000002 0.021906250000000002
0 0.5374609375 0.5448645833333334 0.015171875000000001 0.022447916666666668
0 0.505953125 0.6201979166666667 0.0237265625 0.031010416666666665