0 0.17932310469314083 0.5896987951807229 0.017111913357400754 0.02384337349397586
0 0.2066606498194946 0.5290240963855422 0.010415162454873613 0.014433734939759059
0 0.20050541516245485 0.4881686746987952 0.010433212996389843 0.014072289156626446
0 0.06278880866425987 0.5526506024096386 0.0074458483754512635 0.011132530120481939
0 0.0792148014440433 0.5326506024096386 0.00791516245487363 0.009819277108433708
0 0.03190433212996382 0.5290361445783133 0.0073465703971117985 0.010156626506024035
0 0.12686823104693146 0.5704578313253013 0.013619133574007146 0.018674698795180723
0 0.13134476534296027 0.5457349397590361 0.01583032490974726 0.0223012048192771
0 0.18556859205776174 0.5276867469879518 0.018483754512635394 0.025048192771084294
0 0.1606407942238267 0.5817349397590361 0.018501805054151624 0.027072289156626538
0 0.1393321299638989 0.5638674698795181 0.014196750902527092 0.01992771084337345
0 0.317861010830325 0.5423012048192771 0.013104693140794207 0.017734939759036176
0 0.33072202166064985 0.5627349397590361 0.016877256317689573 0.021867469879518046
0 0.24324007220216606 0.5605542168674699 0.019747292418772662 0.02830120481927712
0 0.2736913357400722 0.5440361445783133 0.019296028880866525 0.02926506024096381
0 0.3898194945848375 0.5951084337349397 0.009855595667870101 0.01351807228915666
0 0.3917779783393502 0.6115421686746987 0.007499999999999951 0.011168674698795159
0 0.36542418772563173 0.6081084337349398 0.019133574007220256 0.02887951807228919
0 0.3551534296028881 0.6602409638554216 0.009458483754512652 0.014072289156626309
0 0.3375361010830325 0.6446385542168674 0.01078519855595672 0.014554216867469792
0 0.28616425992779787 0.4528433734939759 0.01820397111913364 0.025313253012048183
0 0.23321299638989168 0.4681325301204819 0.018564981949458426 0.027144578313252978
0 0.10303249097472932 0.49583132530120483 0.02204873646209392 0.027481927710843308
0 0.11597472924187725 0.5592650602409639 0.014296028880866353 0.019674698795180773
0 0.26141696750902527 0.5149156626506024 0.01305054151624552 0.015493975903614475
0 0.22434115523465709 0.5476506024096386 0.012111913357400788 0.015120481927710788