0 0.7588172920065253 0.5765760869565217 0.015464926590538365 0.02151086956521735
0 0.734110929853181 0.5218369565217391 0.009412724306688387 0.013021739130434803
0 0.7396737357259381 0.48497826086956525 0.009429037520391472 0.01269565217391299
0 0.8641353996737358 0.5431521739130435 0.006729200652528548 0.010043478260869576
0 0.8492903752039151 0.5251086956521739 0.007153344208809121 0.008858695652173888
0 0.8920473083197391 0.5218478260869566 0.006639477977161397 0.009163043478260816
0 0.8062234910277324 0.5592173913043479 0.012308319738988514 0.01684782608695652
0 0.8021778140293638 0.5369130434782609 0.014306688417618242 0.020119565217391295
0 0.7531729200652528 0.5206304347826087 0.016704730831973914 0.02259782608695648
0 0.7757014681892332 0.569391304347826 0.016721044045676998 0.02442391304347829
0 0.7949592169657422 0.5532717391304348 0.01283034257748778 0.017978260869565176
0 0.6336133768352366 0.5338152173913043 0.01184339314845023 0.016000000000000028
0 0.6219902120717781 0.55225 0.015252854812398079 0.01972826086956519
0 0.7010522022838499 0.5502826086956522 0.017846655791190952 0.025532608695652183
0 0.6735318107667211 0.5353804347826087 0.017438825448613467 0.026402173913043437
0 0.5685807504078304 0.5814565217391305 0.008907014681892393 0.012195652173913073
0 0.566810766721044 0.5962826086956521 0.006778140293637802 0.01007608695652172
0 0.5906280587275693 0.5931847826086957 0.01729200652528552 0.026054347826086986
0 0.599910277324633 0.6402173913043478 0.008548123980424158 0.012695652173912865
0 0.615831973898858 0.626141304347826 0.009747145187601995 0.013130434782608617
0 0.6622593800978792 0.45310869565217393 0.016451876019575915 0.02283695652173912
0 0.7101141924959217 0.46690217391304345 0.016778140293637795 0.02448913043478258
0 0.8277650897226753 0.49189130434782613 0.01992659053833592 0.024793478260869507
0 0.816068515497553 0.5491195652173912 0.012920065252854745 0.017750000000000044
0 0.6846247960848287 0.5091086956521739 0.011794453507340976 0.013978260869565232
0 0.7181321370309951 0.5386413043478261 0.01094616639477983 0.013641304347826037