0 0.4342233009708738 0.6166818181818182 0.02479368932038829 0.017727272727272727
0 0.3409223300970874 0.6372636363636364 0.02257281553398061 0.01721818181818187
0 0.3750606796116505 0.6251727272727273 0.019041262135922395 0.01579090909090899
0 0.477754854368932 0.6652 0.02341019417475724 0.015118181818181918
0 0.45055825242718445 0.6659090909090909 0.01484223300970876 0.012163636363636463
0 0.42529126213592233 0.6617090909090909 0.012172330097087345 0.010827272727272802
0 0.43480582524271844 0.6569636363636364 0.013240291262135884 0.01091818181818181
0 0.4450485436893204 0.6440363636363637 0.018750000000000055 0.013745454545454446
0 0.4204368932038835 0.6353818181818182 0.0119174757281554 0.00872727272727285
0 0.41486650485436893 0.6415272727272728 0.01319174757281554 0.009709090909090761
0 0.39491504854368936 0.6508545454545455 0.013628640776699051 0.010009090909090902
0 0.36161407766990294 0.6653636363636364 0.015388349514563046 0.01120909090909105
0 0.3833859223300971 0.6666272727272727 0.011067961165048549 0.009700000000000066
0 0.3920631067961165 0.6639454545454545 0.01121359223300972 0.009009090909090777
0 0.39603155339805823 0.6802545454545454 0.012451456310679601 0.010100000000000116
0 0.40538834951456315 0.672 0.011905339805825177 0.008736363636363752
0 0.4794660194174758 0.6834545454545454 0.01658980582524267 0.011890909090909025
0 0.5198300970873787 0.6947363636363637 0.02209951456310684 0.01853636363636352
0 0.5404004854368931 0.693690909090909 0.02086165048543696 0.016772727272727314
0 0.5941383495145631 0.6600545454545454 0.030558252427184407 0.032072727272727246
0 0.607997572815534 0.7073545454545453 0.03913834951456311 0.019418181818181935
0 0.4741383495145632 0.7095818181818182 0.016856796116504837 0.012399999999999885
0 0.4565898058252427 0.7132727272727273 0.015266990291262186 0.012190909090909165
0 0.430873786407767 0.7147818181818182 0.01649271844660198 0.01172727272727281
0 0.4076699029126214 0.7358909090909092 0.01657766990291258 0.012018181818181843
0 0.4501334951456311 0.7617363636363637 0.020825242718446563 0.018718181818181745
0 0.48475728155339814 0.7538363636363636 0.020327669902912623 0.018136363636363676
0 0.5363106796116505 0.7397363636363636 0.02224514563106801 0.017954545454545456
0 0.4737621359223301 0.7976090909090909 0.027050970873786363 0.020209090909090927
0 0.48128640776699033 0.821890909090909 0.029101941747572836 0.020318181818181735
0 0.5471601941747573 0.8093 0.03165048543689326 0.023472727272727215
0 0.5976577669902913 0.7449272727272728 0.025983009708737827 0.022118181818181752
0 0.3704126213592233 0.8348 0.0336893203883495 0.02265454545454552
0 0.3082402912621359 0.8156181818181819 0.02968446601941752 0.022618181818181916
0 0.2525970873786408 0.8027272727272727 0.027791262135922302 0.021245454545454446
0 0.314623786407767 0.7792272727272727 0.027402912621359275 0.016527272727272786
0 0.32722087378640774 0.7599090909090909 0.018398058252427147 0.01622727272727285
0 0.35680825242718445 0.755290909090909 0.01809466019417472 0.01470909090909076
0 0.38407766990291264 0.7401636363636365 0.01655339805825241 0.012181818181818264
0 0.34015776699029127 0.7185 0.022402912621359267 0.012481818181818198
0 0.3690169902912621 0.7197818181818182 0.01174757281553392 0.010436363636363653
0 0.377876213592233 0.7271 0.013628640776699051 0.010336363636363538
0 0.40366504854368934 0.7208363636363637 0.01472087378640776 0.009345454545454521
0 0.3733252427184466 0.6857909090909091 0.011080097087378634 0.008654545454545437
0 0.315 0.6799818181818182 0.014466019417475679 0.011681818181818099
0 0.267876213592233 0.7098 0.019381067961165083 0.015027272727272702
0 0.2730946601941747 0.6700727272727272 0.02432038834951459 0.01920909090909101
0 0.31646844660194173 0.6616090909090909 0.024235436893203916 0.01512727272727261
0 0.2850121359223301 0.6918090909090909 0.024308252427184433 0.023763636363636247
0 0.25445388349514564 0.7300181818181818 0.023300970873786395 0.022445454545454595
0 0.3942597087378641 0.6222727272727273 0.012997572815534025 0.011854545454545421
0 0.4024878640776699 0.631909090909091 0.017827669902912686 0.011527272727272785
0 0.9299150485436893 0.6629999999999999 0.0359587378640778 0.02812727272727278
0 0.8776699029126214 0.8066727272727272 0.03939320388349519 0.029436363636363736