0 0.7774296875 0.6534791666666667 0.027375 0.03210416666666667
0 0.7767109375000001 0.600875 0.019828125 0.025875
0 0.6514375 0.6589270833333334 0.021593750000000002 0.03233333333333333
0 0.621390625 0.64653125 0.021171875 0.030104166666666664
0 0.6131875 0.5892395833333333 0.0140390625 0.02140625
0 0.7324921875 0.4383958333333334 0.0145625 0.01915625
0 0.7613359375 0.42645833333333333 0.014453125 0.02034375
0 0.7136953125 0.5978333333333333 0.015867187499999998 0.020364583333333335
0 0.8204765625 0.5968333333333333 0.027921875000000002 0.03728125
0 0.797890625 0.6136250000000001 0.019773437499999998 0.03209375
0 0.7816640625 0.6250104166666667 0.023234374999999998 0.024572916666666667
0 0.641890625 0.6253020833333333 0.016921875 0.022322916666666668
0 0.705171875 0.5775520833333334 0.011882812500000001 0.018447916666666668
0 0.7207656250000001 0.57375 0.016125 0.026333333333333334
0 0.7776640625 0.5346875 0.01575 0.01728125
0 0.7928671875 0.52528125 0.0139296875 0.015375
0 0.7736484375 0.4895625 0.019890625000000002 0.021447916666666667
0 0.7592109375 0.45595833333333335 0.0285234375 0.023291666666666665
0 0.78815625 0.45796875 0.01665625 0.02802083333333333
0 0.803890625 0.46216666666666667 0.016890625 0.03289583333333333
0 0.7181875 0.6474583333333332 0.0194609375 0.025177083333333336
0 0.7529609374999999 0.6648645833333333 0.021046875 0.031364583333333335
0 0.727859375 0.5961875 0.0114921875 0.01973958333333333
0 0.8079453125 0.56390625 0.020484375 0.02402083333333333
0 0.7597421875 0.56825 0.0219609375 0.01922916666666667
0 0.8020390624999999 0.4105729166666666 0.0303359375 0.040625
0 0.7833828125 0.4276145833333333 0.0196875 0.023093750000000003
0 0.5950703125000001 0.6494270833333334 0.01771875 0.0240625
0 0.609796875 0.6677604166666666 0.0245859375 0.03276041666666667
0 0.5739296875 0.6116770833333334 0.018578125 0.020270833333333335