0 0.7835437881873728 0.7036277173913044 0.05690427698574349 0.08456521739130436
0 0.6158961303462321 0.7241983695652173 0.07060081466395104 0.0611005434782609
0 0.7517820773930753 0.654375 0.03768839103869653 0.053369565217391265
0 0.6847556008146639 0.696875 0.07792260692464356 0.08372282608695637
0 0.7104887983706721 0.6251902173913043 0.06335030549898171 0.052907608695652246
0 0.8333197556008147 0.5073641304347827 0.03705702647657851 0.05417119565217392
0 0.7407535641547861 0.5169293478260869 0.026008146639511166 0.039633152173912986
0 0.7888289205702648 0.5423097826086957 0.03320773930753554 0.04597826086956526
0 0.6194908350305499 0.5552853260869566 0.035926680244399156 0.03576086956521746
0 0.649786150712831 0.5228940217391305 0.03576374745417504 0.03809782608695647
0 0.529480651731161 0.5975135869565217 0.0433604887983706 0.05406249999999995
0 0.5410692464358453 0.6608695652173913 0.057454175152749566 0.06770380434782615
0 0.8851221995926681 0.6777581521739131 0.0756415478615071 0.09478260869565217
0 0.8745315682281058 0.5206249999999999 0.036354378818737314 0.057798913043478214
0 0.8569348268839104 0.5542391304347826 0.06348268839103861 0.06343750000000008
0 0.5956924643584521 0.3844565217391304 0.03654786150712841 0.04663043478260876
0 0.6484317718940936 0.38032608695652176 0.03408350305498985 0.046426630434782554
0 0.6808350305498982 0.4071059782608696 0.024215885947046815 0.03403532608695646
0 0.6681059063136456 0.4331521739130435 0.029032586558044797 0.03630434782608699
0 0.655213849287169 0.4611684782608696 0.020173116089612978 0.02505434782608703
0 0.6235030549898166 0.41214673913043476 0.03395112016293271 0.04472826086956516
0 0.5599796334012219 0.3990625 0.0397759674134419 0.051603260869565244
0 0.5838289205702648 0.4236413043478261 0.029959266802444064 0.0419429347826087
0 0.51489816700611 0.4870108695652174 0.04344195519348277 0.0780706521739131
0 0.5170672097759674 0.5490896739130434 0.050804480651731265 0.05683423913043484
0 0.5472708757637474 0.558179347826087 0.023971486761710757 0.040040760869565255
0 0.9339714867617107 0.545 0.04862525458248473 0.06979619565217392
0 0.9284826883910386 0.4821875 0.047342158859470476 0.05362771739130438
0 0.714297352342159 0.40264945652173917 0.038686354378818746 0.04529891304347831