0 0.444988344988345 0.35983391608391607 0.023811188811188752 0.017045454545454544
0 0.3553846153846154 0.3400437062937063 0.021678321678321705 0.016555944055944103
0 0.3881701631701632 0.35166958041958035 0.01828671328671335 0.015183566433566437
0 0.48679487179487174 0.3131818181818182 0.02248251748251744 0.014536713286713283
0 0.4606759906759907 0.3125 0.014254079254079276 0.011695804195804191
0 0.4364102564102564 0.31653846153846155 0.011689976689976659 0.010410839160839134
0 0.4455477855477855 0.3211013986013986 0.012715617715617678 0.01049825174825174
0 0.45538461538461544 0.33353146853146853 0.01800699300699306 0.013216783216783221
0 0.43174825174825177 0.3418531468531469 0.011445221445221504 0.00839160839160841
0 0.4263986013986014 0.33594405594405596 0.012668997668997675 0.009335664335664292
0 0.40723776223776226 0.32697552447552447 0.01308857808857811 0.009624125874125866
0 0.37525641025641027 0.31302447552447554 0.01477855477855472 0.010777972027972064
0 0.3961655011655012 0.31180944055944054 0.010629370629370635 0.009326923076923042
0 0.4044988344988345 0.3143881118881119 0.01076923076923078 0.008662587412587386
0 0.4083100233100233 0.29870629370629376 0.011958041958041947 0.009711538461538473
0 0.4172960372960373 0.3066433566433567 0.01143356643356637 0.008400349650349663
0 0.4884382284382285 0.2956293706293706 0.015932400932400885 0.01143356643356647
0 0.5272027972027973 0.2847814685314686 0.021223776223776265 0.017823426573426563
0 0.5469580419580419 0.2857867132867133 0.0200349650349651 0.016127622377622417
0 0.5985664335664336 0.31812937062937063 0.02934731934731942 0.030839160839160815
0 0.6118764568764569 0.2726486013986014 0.037587412587412584 0.018671328671328685
0 0.4833216783216784 0.270506993006993 0.016188811188811172 0.011923076923076911
0 0.4664685314685315 0.26695804195804196 0.014662004662004709 0.011722027972027944
0 0.4417715617715618 0.26550699300699304 0.015839160839160878 0.011276223776223756
0 0.4194871794871795 0.2452097902097902 0.015920745920745882 0.01155594405594408
0 0.4602680652680653 0.22035839160839157 0.019999999999999962 0.017998251748251776
0 0.4935198135198136 0.22795454545454544 0.019522144522144524 0.01743881118881123
0 0.543030303030303 0.2415122377622378 0.02136363636363641 0.017263986013986012
0 0.482960372960373 0.1858653846153846 0.025979020979020936 0.0194318181818182
0 0.49018648018648026 0.16251748251748252 0.02794871794871797 0.019536713286713307
0 0.5534498834498834 0.17462412587412585 0.030396270396270443 0.022569930069930064
0 0.601946386946387 0.23652097902097902 0.02495337995338005 0.021267482517482554
0 0.3837062937062937 0.15010489510489514 0.032354312354312346 0.021783216783216798
0 0.323997668997669 0.16854895104895104 0.028508158508158552 0.021748251748251745
0 0.27055944055944053 0.18094405594405594 0.026689976689976663 0.020428321678321683
0 0.3301282051282051 0.20354020979020981 0.026317016317016363 0.015891608391608397
0 0.34222610722610725 0.22211538461538463 0.01766899766899763 0.015603146853146873
0 0.37064102564102563 0.22655594405594406 0.017377622377622342 0.0141433566433566
0 0.39682983682983686 0.2411013986013986 0.01589743589743588 0.011713286713286693
0 0.3546503496503497 0.26193181818181815 0.021515151515151557 0.012001748251748268
0 0.38236596736596734 0.2606993006993007 0.011282051282051224 0.010034965034965052
0 0.3908741258741259 0.2536625874125874 0.01308857808857811 0.009938811188811193
0 0.4156410256410256 0.2596853146853147 0.014137529137529132 0.008986013986013962
0 0.3865034965034965 0.29338286713286715 0.010641025641025635 0.008321678321678306
0 0.3304895104895105 0.2989685314685315 0.013892773892773845 0.011232517482517503
0 0.2852331002331003 0.2702972027972028 0.018613053613053644 0.014449300699300675
0 0.29024475524475524 0.30849650349650354 0.023356643356643315 0.018470279720279717
0 0.33189976689976686 0.3166346153846154 0.023275058275058307 0.014545454545454533
0 0.3016899766899767 0.28759615384615383 0.023344988344988313 0.02284965034965034
0 0.27234265734265733 0.25085664335664337 0.022377622377622364 0.02158216783216788
0 0.40660839160839163 0.354458041958042 0.012482517482517524 0.011398601398601367
0 0.41451048951048947 0.3451923076923077 0.017121212121212186 0.01108391608391604
0 0.921037296037296 0.3152972027972028 0.03453379953379966 0.027045454545454595
0 0.8708624708624709 0.17715034965034968 0.037832167832167876 0.0283041958041958