0 0.7510234375 0.4286979166666667 0.014812500000000001 0.020614583333333332
0 0.727359375 0.48115625 0.009015625 0.012479166666666668
0 0.7326875 0.5164791666666667 0.009031250000000001 0.012166666666666666
0 0.8518984375 0.4607291666666667 0.0064453125 0.009625
0 0.8376796875 0.4780208333333333 0.0068515625 0.008489583333333333
0 0.8786328125 0.48114583333333333 0.0063593750000000004 0.008781249999999999
0 0.7964296875 0.4453333333333333 0.0117890625 0.016145833333333335
0 0.7925546875 0.46670833333333334 0.013703125 0.019281250000000003
0 0.7456171875 0.4823125 0.016 0.02165625
0 0.7671953125 0.4355833333333334 0.016015625 0.02340625
0 0.785640625 0.45103125 0.0122890625 0.017229166666666667
0 0.6311015624999999 0.4696770833333333 0.01134375 0.015333333333333334
0 0.61996875 0.4520104166666667 0.014609374999999999 0.01890625
0 0.6956953125 0.45389583333333333 0.017093749999999998 0.024468749999999997
0 0.6693359375 0.4681770833333333 0.016703125 0.025302083333333333
0 0.5688125 0.42402083333333335 0.00853125 0.0116875
0 0.5671171875 0.4098125 0.0064921875000000006 0.00965625
0 0.5899296875 0.41278125 0.0165625 0.024968749999999998
0 0.5988203125 0.36770833333333336 0.0081875 0.012166666666666666
0 0.6140703125 0.38119791666666664 0.009335937499999999 0.012583333333333334
0 0.6585390624999999 0.5470208333333333 0.015757812500000003 0.021885416666666668
0 0.704375 0.5338020833333333 0.0160703125 0.02346875
0 0.8170624999999999 0.5098541666666666 0.0190859375 0.023760416666666666
0 0.805859375 0.4550104166666667 0.012375 0.017010416666666663
0 0.6799609375 0.49335416666666665 0.011296875000000001 0.013395833333333333
0 0.7120546875 0.4650520833333333 0.010484375 0.013072916666666667