0 0.5966025641025641 0.5627804878048781 0.0419871794871794 0.06119512195121945
0 0.6762820512820513 0.5246341463414634 0.05663003663003655 0.07324390243902447
0 0.5660164835164836 0.5287195121951219 0.02754578754578748 0.04298780487804878
0 0.5434798534798535 0.4206585365853659 0.020146520146520148 0.030256097560975543
0 0.5836630036630037 0.43171951219512195 0.024606227106227008 0.03592682926829273
0 0.6168498168498169 0.3972439024390244 0.02562271062271064 0.04568292682926834
0 0.4782692307692308 0.36679268292682926 0.019771062271062196 0.025621951219512183
0 0.4856593406593407 0.3452317073170732 0.01752747252747262 0.02470731707317072
0 0.4409157509157509 0.3579756097560975 0.022353479853479824 0.033487804878048824
0 0.4159432234432235 0.3423658536585366 0.0269047619047619 0.03609756097560964
0 0.3973260073260073 0.5707926829268293 0.04818681318681319 0.053731707317073246
0 0.4649908424908425 0.6122317073170731 0.05813186813186815 0.049024390243902496
0 0.5304578754578755 0.5118414634146341 0.04918498168498172 0.04423170731707315
0 0.44435897435897437 0.4729634146341463 0.012527472527472482 0.022573170731707306
0 0.4578846153846154 0.4721341463414634 0.016959706959706944 0.023268292682926878
0 0.4708241758241758 0.4421097560975609 0.021968864468864476 0.02926829268292683
0 0.3930952380952381 0.48802439024390243 0.020879120879120836 0.03203658536585364
0 0.4529120879120879 0.5031219512195122 0.02817765567765566 0.030792682926829268
0 0.4962362637362637 0.5163658536585366 0.018553113553113544 0.0256463414634146
0 0.494459706959707 0.41820731707317066 0.017783882783882852 0.026280487804877992
0 0.45752747252747256 0.33001219512195124 0.027811355311355212 0.036304878048780465