0 0.5029166666666667 0.41769531249999997 0.021281249999999998 0.015234375
0 0.42283333333333334 0.4000078125 0.019375 0.014796875000000001
0 0.4521354166666667 0.41039843749999994 0.01634375 0.0135703125
0 0.5402812499999999 0.376 0.02009375 0.012992187499999999
0 0.5169374999999999 0.375390625 0.012739583333333334 0.010453125
0 0.49525 0.379 0.010447916666666666 0.0093046875
0 0.5034166666666666 0.383078125 0.011364583333333334 0.0093828125
0 0.5122083333333334 0.3941875 0.01609375 0.0118125
0 0.4910833333333333 0.401625 0.010229166666666668 0.0075
0 0.48630208333333336 0.39634375 0.011322916666666665 0.00834375
0 0.46917708333333336 0.388328125 0.011697916666666667 0.0086015625
0 0.44059375 0.375859375 0.013208333333333332 0.0096328125
0 0.45928125000000003 0.3747734375 0.0095 0.0083359375
0 0.4667291666666667 0.37707812500000004 0.009625 0.0077421875
0 0.47013541666666664 0.3630625 0.010687499999999999 0.0086796875
0 0.4781666666666667 0.37015625 0.01021875 0.0075078125
0 0.5417500000000001 0.3603125 0.014239583333333333 0.01021875
0 0.5763958333333333 0.35061718750000004 0.01896875 0.0159296875
0 0.5940520833333333 0.351515625 0.017906250000000002 0.0144140625
0 0.6401770833333333 0.380421875 0.026229166666666668 0.0275625
0 0.6520729166666667 0.3397734375 0.03359375 0.0166875
0 0.5371770833333334 0.33785937499999996 0.01446875 0.01065625
0 0.5221145833333334 0.33468749999999997 0.013104166666666667 0.0104765625
0 0.5000416666666667 0.333390625 0.01415625 0.010078125
0 0.480125 0.31525 0.014229166666666666 0.010328125
0 0.5165729166666667 0.2930390625 0.017875 0.0160859375
0 0.5462916666666667 0.299828125 0.017447916666666667 0.015585937499999999
0 0.5905416666666666 0.3119453125 0.01909375 0.0154296875
0 0.5368541666666666 0.2622109375 0.02321875 0.0173671875
0 0.5433125000000001 0.24134375000000002 0.024979166666666667 0.017460937500000002
0 0.5998541666666667 0.2521640625 0.027166666666666665 0.020171875
0 0.6431979166666667 0.307484375 0.022302083333333333 0.0190078125
0 0.44814583333333335 0.23025 0.028916666666666667 0.01946875
0 0.39478125000000003 0.246734375 0.025479166666666667 0.0194375
0 0.34702083333333333 0.2578125 0.023854166666666666 0.0182578125
0 0.4002604166666667 0.2780078125 0.02352083333333333 0.014203125
0 0.4110729166666667 0.294609375 0.015791666666666666 0.013945312500000001
0 0.43646875 0.298578125 0.01553125 0.012640624999999999
0 0.45987500000000003 0.311578125 0.014208333333333333 0.01046875
0 0.42217708333333337 0.3301953125 0.01922916666666667 0.0107265625
0 0.44694791666666667 0.32909375 0.010083333333333333 0.008968750000000001
0 0.45455208333333336 0.3228046875 0.011697916666666667 0.0088828125
0 0.4766875 0.32818749999999997 0.012635416666666668 0.00803125
0 0.45064583333333336 0.3583046875 0.009510416666666667 0.0074375
0 0.40058333333333335 0.36329687499999996 0.012416666666666666 0.0100390625
0 0.3601354166666667 0.337671875 0.016635416666666666 0.0129140625
0 0.3646145833333333 0.3718125 0.020874999999999998 0.0165078125
0 0.40184375 0.3790859375 0.020802083333333332 0.013000000000000001
0 0.37484375000000003 0.3531328125 0.020864583333333336 0.020421875
0 0.34861458333333334 0.32029687500000004 0.02 0.019289062500000002
0 0.46861458333333333 0.412890625 0.011156250000000001 0.010187499999999999
0 0.4756770833333333 0.404609375 0.015302083333333332 0.00990625
0 0.9283854166666666 0.377890625 0.03086458333333333 0.024171875000000002
0 0.8835416666666667 0.254421875 0.0338125 0.025296875000000003