0 0.801884176182708 0.3322391304347826 0.028580750407830313 0.03349999999999993
0 0.8011337683523655 0.38713043478260867 0.02070146818923337 0.02699999999999991
0 0.6703425774877652 0.3265543478260869 0.022544861337683606 0.03373913043478257
0 0.6389722675367048 0.3394891304347826 0.022104404567699763 0.03141304347826097
0 0.6304078303425775 0.39927173913043484 0.014657422512234933 0.02233695652173908
0 0.7549673735725938 0.5566739130434782 0.015203915171288825 0.019989130434782718
0 0.7850815660685155 0.5691304347826087 0.015089722675367047 0.021228260869565186
0 0.7353425774877651 0.39030434782608703 0.01656606851549751 0.02124999999999995
0 0.8468270799347472 0.3913478260869565 0.029151712887438647 0.03890217391304344
0 0.8232463295269168 0.3738260869565217 0.020644371941272385 0.03348913043478255
0 0.8063050570962479 0.36194565217391306 0.02425774877650898 0.025641304347825997
0 0.6603752039151712 0.36164130434782615 0.017667210440456837 0.023293478260869634
0 0.7264437194127243 0.4114673913043478 0.012406199021207208 0.019250000000000038
0 0.7427243066884176 0.4154347826086957 0.016835236541598776 0.027478260869565188
0 0.8021288743882544 0.4561956521739131 0.016443719412724375 0.018032608695652208
0 0.8180016313213703 0.4660108695652174 0.014543230016313155 0.016043478260869555
0 0.7979363784665578 0.5032826086956521 0.020766721044045706 0.02238043478260873
0 0.7828629690048939 0.5383478260869565 0.02977977161500815 0.02430434782608697
0 0.8130831973898859 0.53625 0.017389885807504026 0.029239130434782584
0 0.829510603588907 0.5318695652173913 0.017634584013050483 0.034326086956521784
0 0.7400326264274062 0.3385217391304348 0.020318107667210508 0.026271739130434863
0 0.7763376835236542 0.32035869565217395 0.021973898858075085 0.03272826086956511
0 0.7501305057096248 0.39202173913043475 0.011998368678629719 0.02059782608695657
0 0.8337438825448614 0.42570652173913043 0.021386623164763294 0.02506521739130429
0 0.7834176182707994 0.4211739130434783 0.02292822185970628 0.020065217391304388
0 0.8275774877650897 0.5857065217391305 0.03167210440456764 0.042391304347826085
0 0.8080995106035889 0.5679239130434782 0.02055464926590542 0.0240978260869566
0 0.6114926590538337 0.3364673913043478 0.018499184339314897 0.025108695652173815
0 0.6268678629690049 0.31733695652173916 0.025668841761827103 0.0341847826086957
0 0.58942088091354 0.3758586956521739 0.019396411092985295 0.02115217391304352