0 0.65815625 0.6748645833333333 0.04365625 0.06483333333333334
0 0.5295390624999999 0.6906354166666666 0.0541640625 0.046843749999999997
0 0.6337890625 0.6371041666666667 0.028914062499999997 0.04091666666666667
0 0.5823671874999999 0.6696875 0.059781249999999994 0.0641875
0 0.6021093750000001 0.6147291666666667 0.0486015625 0.040562499999999994
0 0.69634375 0.5243958333333334 0.028429687500000002 0.04153125
0 0.625328125 0.5317291666666667 0.019953125 0.030385416666666668
0 0.6622109375 0.5511874999999999 0.0254765625 0.035250000000000004
0 0.532296875 0.5611354166666668 0.0275625 0.027416666666666666
0 0.5555390625000001 0.5363020833333334 0.027437499999999997 0.029208333333333333
0 0.4632421875 0.5935104166666666 0.033265625 0.04144791666666667
0 0.47213281250000005 0.6420833333333333 0.044078125 0.05190625
0 0.7360859375000001 0.6550312500000001 0.05803125 0.07266666666666667
0 0.7279609375 0.5345624999999999 0.027890625000000002 0.0443125
0 0.7144609375 0.5603333333333332 0.048703125 0.04863541666666667
0 0.5140390625 0.43016666666666664 0.0280390625 0.03575
0 0.5545 0.427 0.0261484375 0.03559375
0 0.579359375 0.44753125 0.018578125 0.026093750000000002
0 0.56959375 0.4675 0.0222734375 0.02783333333333333
0 0.559703125 0.4889791666666667 0.015476562499999999 0.019208333333333334
0 0.5353749999999999 0.45139583333333333 0.026046875000000004 0.03429166666666667
0 0.486640625 0.44136458333333334 0.030515625 0.039562499999999994
0 0.5049375 0.46020833333333333 0.022984375 0.032156250000000004
0 0.4520546875 0.5087916666666666 0.033328125 0.05985416666666667
0 0.45371875 0.5563854166666666 0.0389765625 0.04357291666666666
0 0.47689062499999996 0.5633541666666667 0.018390625 0.030697916666666665
0 0.7735624999999999 0.55325 0.0373046875 0.053510416666666664
0 0.7693515625 0.50509375 0.0363203125 0.04111458333333333
0 0.60503125 0.44411458333333337 0.029679687500000003 0.03472916666666667