0 0.3641 0.3707766990291262 0.0416818181818181 0.060898058252427126
0 0.285 0.40873786407766993 0.056218181818181744 0.07288834951456317
0 0.39446363636363635 0.40467233009708736 0.02734545454545448 0.042779126213592235
0 0.4168363636363636 0.5122087378640776 0.02 0.030109223300970808
0 0.37694545454545453 0.5012014563106796 0.024427272727272627 0.035752427184466064
0 0.344 0.5355097087378641 0.025436363636363653 0.045461165048543736
0 0.48157272727272726 0.5658131067961165 0.019627272727272653 0.02549757281553397
0 0.4742363636363636 0.5872694174757281 0.017400000000000092 0.02458737864077669
0 0.5186545454545455 0.5745873786407767 0.022190909090909164 0.03332524271844665
0 0.5434454545454546 0.590121359223301 0.02670909090909101 0.0359223300970874
0 0.5619272727272727 0.3628033980582524 0.047836363636363746 0.05347087378640784
0 0.49475454545454545 0.3215655339805826 0.057709090909090925 0.04878640776699034
0 0.42976363636363635 0.42146844660194177 0.04882727272727276 0.04401699029126211
0 0.5152363636363636 0.46015776699029126 0.012436363636363695 0.0224635922330097
0 0.5018090909090909 0.4609830097087379 0.01683636363636362 0.023155339805825292
0 0.4889636363636364 0.49086165048543695 0.021809090909090917 0.02912621359223301
0 0.5661272727272727 0.4451699029126214 0.020727272727272684 0.03188106796116503
0 0.5067454545454545 0.43014563106796116 0.027972727272727257 0.030643203883495146
0 0.46373636363636367 0.4169660194174757 0.01841818181818181 0.02552184466019414
0 0.46549999999999997 0.5146480582524272 0.01765454545454552 0.02615291262135917
0 0.5021636363636364 0.6024150485436893 0.02760909090909081 0.03612864077669901