0 0.7316034155597723 0.7270126582278481 0.03324478178368118 0.039012658227848024
0 0.7307305502846301 0.6630886075949367 0.02407969639468701 0.03144303797468344
0 0.578595825426945 0.7336329113924052 0.026223908918406168 0.039291139240506284
0 0.5421062618595825 0.7185696202531645 0.025711574952561583 0.036582278481012774
0 0.5321442125237191 0.6489493670886075 0.017049335863377636 0.026012658227848044
0 0.6770303605313094 0.46564556962025316 0.017685009487666128 0.02327848101265821
0 0.7120588235294117 0.4511392405063291 0.017552182163187855 0.024721518987341737
0 0.6542030360531309 0.6593924050632911 0.019269449715369966 0.024746835443037917
0 0.7838804554079697 0.6581772151898735 0.03390891840607212 0.04530379746835438
0 0.7564516129032257 0.6785822784810127 0.024013282732447766 0.03899999999999993
0 0.7367457305502846 0.6924177215189873 0.028216318785578755 0.029860759493670782
0 0.5670018975332068 0.6927721518987341 0.020550284629981104 0.027126582278481092
0 0.6438519924098671 0.634746835443038 0.014430740037950699 0.02241772151898739
0 0.6627893738140418 0.630126582278481 0.01958254269449725 0.031999999999999966
0 0.7318880455407969 0.5826582278481012 0.01912713472485776 0.02100000000000004
0 0.7503510436432638 0.5712278481012658 0.016916508538899363 0.018683544303797456
0 0.727011385199241 0.5278227848101266 0.024155597722960186 0.026063291139240545
0 0.7094781783681214 0.4869873417721519 0.03463946869070208 0.028303797468354448
0 0.7446299810246679 0.4894303797468354 0.020227703984819673 0.034050632911392376
0 0.7637381404174574 0.49453164556962026 0.020512333965844298 0.03997468354430385
0 0.6596584440227704 0.7196962025316455 0.023633776091081672 0.03059493670886085
0 0.701888045540797 0.7408481012658228 0.02555977229601523 0.03811392405063278
0 0.671404174573055 0.6573924050632912 0.013956356736242919 0.023987341772151956
0 0.7686622390891842 0.6181645569620253 0.024876660341556004 0.02918987341772145
0 0.7101233396584441 0.6234430379746835 0.02666982922201129 0.023367088607594982
0 0.7614895635673623 0.43183544303797466 0.03684060721062612 0.049367088607594936
0 0.7388330170777989 0.45254430379746835 0.02390891840607215 0.028063291139240453
0 0.5101423149905124 0.7220886075949368 0.021518026565464955 0.02924050632911381
0 0.5280265654648956 0.7443670886075949 0.02985768500948769 0.03981012658227854
0 0.48446869070208726 0.6762151898734178 0.022561669829221986 0.02463291139240511